 7 6 4 3 2
 4 8 1 3 9
 6 9 8 7 3
 7 8 3 4 9
 0 2 8 4 7
 6 3 2 0 9
 6 4 3 1 5
 0 4 2 5 7
 2 7 1 5 4
 9 7 0 4 6
 0 5 6 8 7
 6 0 2 8 7
 9 5 1 4 7
 6 0 5 9 8
 2 0 3 1 7
 4 3 7 1 8
 5 8 4 1 6
 0 3 2 7 8
 4 9 3 0 6
 8 0 6 2 1
 7 6 4 3 2
 4 8 1 3 9
 6 9 8 7 3
 7 8 3 4 9
 0 2 8 4 7
 6 3 2 0 9
 6 4 3 1 5
 0 4 2 5 7
 2 7 1 5 4
 9 7 0 4 6
 0 5 6 8 7
 6 0 2 8 7
 9 5 1 4 7
 6 0 5 9 8
 2 0 3 1 7
 4 3 7 1 8
 5 8 4 1 6
 0 3 2 7 8
 4 9 3 0 6
 8 0 6 2 1
 7 6 4 3 2
 4 8 1 3 9
 6 9 8 7 3
 7 8 3 4 9
 0 2 8 4 7
 6 3 2 0 9
 6 4 3 1 5
 0 4 2 5 7
 2 7 1 5 4
 9 7 0 4 6
 0 5 6 8 7
 6 0 2 8 7
 9 5 1 4 7
 6 0 5 9 8
 2 0 3 1 7
 4 3 7 1 8
 5 8 4 1 6
 0 3 2 7 8
 4 9 3 0 6
 8 0 6 2 1
 7 6 4 3 2
 4 8 1 3 9
 6 9 8 7 3
 7 8 3 4 9
 0 2 8 4 7
 6 3 2 0 9
 6 4 3 1 5
 0 4 2 5 7
 2 7 1 5 4
 9 7 0 4 6
 0 5 6 8 7
 6 0 2 8 7
 9 5 1 4 7
 6 0 5 9 8
 2 0 3 1 7
 4 3 7 1 8
 5 8 4 1 6
 0 3 2 7 8
 4 9 3 0 6
 8 0 6 2 1
 7 6 4 3 2
 4 8 1 3 9
 6 9 8 7 3
 7 8 3 4 9
 0 2 8 4 7
 6 3 2 0 9
 6 4 3 1 5
 0 4 2 5 7
 2 7 1 5 4
 9 7 0 4 6
 0 5 6 8 7
 6 0 2 8 7
 9 5 1 4 7
 6 0 5 9 8
 2 0 3 1 7
 4 3 7 1 8
 5 8 4 1 6
 0 3 2 7 8
 4 9 3 0 6
 8 0 6 2 1
 7 6 4 3 2
 4 8 1 3 9
 6 9 8 7 3
 7 8 3 4 9
 0 2 8 4 7
 6 3 2 0 9
 6 4 3 1 5
 0 4 2 5 7
 2 7 1 5 4
 9 7 0 4 6
 0 5 6 8 7
 6 0 2 8 7
 9 5 1 4 7
 6 0 5 9 8
 2 0 3 1 7
 4 3 7 1 8
 5 8 4 1 6
 0 3 2 7 8
 4 9 3 0 6
 8 0 6 2 1
 7 2 17 9 1
 17 7 10 5 1
 8 2 19 14 15
 13 18 4 9 1
 19 10 4 9 6
 17 11 14 4 3
 7 17 11 1 4
 3 11 8 10 15
 12 2 11 1 6
 4 0 17 18 16
 3 9 13 19 2
 13 12 8 3 4
 7 18 17 3 6
 13 12 9 7 2
 16 8 15 3 11
 7 10 16 18 1
 3 16 14 13 11
 1 18 14 0 2
 15 16 9 17 19
 12 7 14 2 9
 7 2 17 9 1
 17 7 10 5 1
 8 2 19 14 15
 13 18 4 9 1
 19 10 4 9 6
 17 11 14 4 3
 7 17 11 1 4
 3 11 8 10 15
 12 2 11 1 6
 4 0 17 18 16
 3 9 13 19 2
 13 12 8 3 4
 7 18 17 3 6
 13 12 9 7 2
 16 8 15 3 11
 7 10 16 18 1
 3 16 14 13 11
 1 18 14 0 2
 15 16 9 17 19
 12 7 14 2 9
 7 2 17 9 1
 17 7 10 5 1
 8 2 19 14 15
 13 18 4 9 1
 19 10 4 9 6
 17 11 14 4 3
 7 17 11 1 4
 3 11 8 10 15
 12 2 11 1 6
 4 0 17 18 16
 3 9 13 19 2
 13 12 8 3 4
 7 18 17 3 6
 13 12 9 7 2
 16 8 15 3 11
 7 10 16 18 1
 3 16 14 13 11
 1 18 14 0 2
 15 16 9 17 19
 12 7 14 2 9
 7 2 17 9 1
 17 7 10 5 1
 8 2 19 14 15
 13 18 4 9 1
 19 10 4 9 6
 17 11 14 4 3
 7 17 11 1 4
 3 11 8 10 15
 12 2 11 1 6
 4 0 17 18 16
 3 9 13 19 2
 13 12 8 3 4
 7 18 17 3 6
 13 12 9 7 2
 16 8 15 3 11
 7 10 16 18 1
 3 16 14 13 11
 1 18 14 0 2
 15 16 9 17 19
 12 7 14 2 9
 7 2 17 9 1
 17 7 10 5 1
 8 2 19 14 15
 13 18 4 9 1
 19 10 4 9 6
 17 11 14 4 3
 7 17 11 1 4
 3 11 8 10 15
 12 2 11 1 6
 4 0 17 18 16
 3 9 13 19 2
 13 12 8 3 4
 7 18 17 3 6
 13 12 9 7 2
 16 8 15 3 11
 7 10 16 18 1
 3 16 14 13 11
 1 18 14 0 2
 15 16 9 17 19
 12 7 14 2 9
 7 2 17 9 1
 17 7 10 5 1
 8 2 19 14 15
 13 18 4 9 1
 19 10 4 9 6
 17 11 14 4 3
 7 17 11 1 4
 3 11 8 10 15
 12 2 11 1 6
 4 0 17 18 16
 3 9 13 19 2
 13 12 8 3 4
 7 18 17 3 6
 13 12 9 7 2
 16 8 15 3 11
 7 10 16 18 1
 3 16 14 13 11
 1 18 14 0 2
 15 16 9 17 19
 12 7 14 2 9
 7 2 17 9 1
 17 7 10 5 1
 8 2 19 14 15
 13 18 4 9 1
 19 10 4 9 6
 17 11 14 4 3
 7 17 11 1 4
 3 11 8 10 15
 12 2 11 1 6
 4 0 17 18 16
 3 9 13 19 2
 13 12 8 3 4
 7 18 17 3 6
 13 12 9 7 2
 16 8 15 3 11
 7 10 16 18 1
 3 16 14 13 11
 1 18 14 0 2
 15 16 9 17 19
 12 7 14 2 9
 7 2 17 9 1
 17 7 10 5 1
 8 2 19 14 15
 13 18 4 9 1
 19 10 4 9 6
 17 11 14 4 3
 7 17 11 1 4
 3 11 8 10 15
 12 2 11 1 6
 4 0 17 18 16
 3 9 13 19 2
 13 12 8 3 4
 7 18 17 3 6
 13 12 9 7 2
 16 8 15 3 11
 7 10 16 18 1
 3 16 14 13 11
 1 18 14 0 2
 15 16 9 17 19
 12 7 14 2 9
 7 2 17 9 1
 17 7 10 5 1
 8 2 19 14 15
 13 18 4 9 1
 19 10 4 9 6
 17 11 14 4 3
 7 17 11 1 4
 3 11 8 10 15
 12 2 11 1 6
 4 0 17 18 16
 3 9 13 19 2
 13 12 8 3 4
 7 18 17 3 6
 13 12 9 7 2
 16 8 15 3 11
 7 10 16 18 1
 3 16 14 13 11
 1 18 14 0 2
 15 16 9 17 19
 12 7 14 2 9
 7 2 17 9 1
 17 7 10 5 1
 8 2 19 14 15
 13 18 4 9 1
 19 10 4 9 6
 17 11 14 4 3
 7 17 11 1 4
 3 11 8 10 15
 12 2 11 1 6
 4 0 17 18 16
 3 9 13 19 2
 13 12 8 3 4
 7 18 17 3 6
 13 12 9 7 2
 16 8 15 3 11
 7 10 16 18 1
 3 16 14 13 11
 1 18 14 0 2
 15 16 9 17 19
 12 7 14 2 9
 7 2 17 9 1
 17 7 10 5 1
 8 2 19 14 15
 13 18 4 9 1
 19 10 4 9 6
 17 11 14 4 3
 7 17 11 1 4
 3 11 8 10 15
 12 2 11 1 6
 4 0 17 18 16
 3 9 13 19 2
 13 12 8 3 4
 7 18 17 3 6
 13 12 9 7 2
 16 8 15 3 11
 7 10 16 18 1
 3 16 14 13 11
 1 18 14 0 2
 15 16 9 17 19
 12 7 14 2 9
 7 2 17 9 1
 17 7 10 5 1
 8 2 19 14 15
 13 18 4 9 1
 19 10 4 9 6
 17 11 14 4 3
 7 17 11 1 4
 3 11 8 10 15
 12 2 11 1 6
 4 0 17 18 16
 3 9 13 19 2
 13 12 8 3 4
 7 18 17 3 6
 13 12 9 7 2
 16 8 15 3 11
 7 10 16 18 1
 3 16 14 13 11
 1 18 14 0 2
 15 16 9 17 19
 12 7 14 2 9
 7 2 17 9 1
 17 7 10 5 1
 8 2 19 14 15
 13 18 4 9 1
 19 10 4 9 6
 17 11 14 4 3
 7 17 11 1 4
 3 11 8 10 15
 12 2 11 1 6
 4 0 17 18 16
 3 9 13 19 2
 13 12 8 3 4
 7 18 17 3 6
 13 12 9 7 2
 16 8 15 3 11
 7 10 16 18 1
 3 16 14 13 11
 1 18 14 0 2
 15 16 9 17 19
 12 7 14 2 9
 7 2 17 9 1
 17 7 10 5 1
 8 2 19 14 15
 13 18 4 9 1
 19 10 4 9 6
 17 11 14 4 3
 7 17 11 1 4
 3 11 8 10 15
 12 2 11 1 6
 4 0 17 18 16
 3 9 13 19 2
 13 12 8 3 4
 7 18 17 3 6
 13 12 9 7 2
 16 8 15 3 11
 7 10 16 18 1
 3 16 14 13 11
 1 18 14 0 2
 15 16 9 17 19
 12 7 14 2 9
 7 2 17 9 1
 17 7 10 5 1
 8 2 19 14 15
 13 18 4 9 1
 19 10 4 9 6
 17 11 14 4 3
 7 17 11 1 4
 3 11 8 10 15
 12 2 11 1 6
 4 0 17 18 16
 3 9 13 19 2
 13 12 8 3 4
 7 18 17 3 6
 13 12 9 7 2
 16 8 15 3 11
 7 10 16 18 1
 3 16 14 13 11
 1 18 14 0 2
 15 16 9 17 19
 12 7 14 2 9
 7 2 17 9 1
 17 7 10 5 1
 8 2 19 14 15
 13 18 4 9 1
 19 10 4 9 6
 17 11 14 4 3
 7 17 11 1 4
 3 11 8 10 15
 12 2 11 1 6
 4 0 17 18 16
 3 9 13 19 2
 13 12 8 3 4
 7 18 17 3 6
 13 12 9 7 2
 16 8 15 3 11
 7 10 16 18 1
 3 16 14 13 11
 1 18 14 0 2
 15 16 9 17 19
 12 7 14 2 9
 7 2 17 9 1
 17 7 10 5 1
 8 2 19 14 15
 13 18 4 9 1
 19 10 4 9 6
 17 11 14 4 3
 7 17 11 1 4
 3 11 8 10 15
 12 2 11 1 6
 4 0 17 18 16
 3 9 13 19 2
 13 12 8 3 4
 7 18 17 3 6
 13 12 9 7 2
 16 8 15 3 11
 7 10 16 18 1
 3 16 14 13 11
 1 18 14 0 2
 15 16 9 17 19
 12 7 14 2 9
 7 2 17 9 1
 17 7 10 5 1
 8 2 19 14 15
 13 18 4 9 1
 19 10 4 9 6
 17 11 14 4 3
 7 17 11 1 4
 3 11 8 10 15
 12 2 11 1 6
 4 0 17 18 16
 3 9 13 19 2
 13 12 8 3 4
 7 18 17 3 6
 13 12 9 7 2
 16 8 15 3 11
 7 10 16 18 1
 3 16 14 13 11
 1 18 14 0 2
 15 16 9 17 19
 12 7 14 2 9
 7 2 17 9 1
 17 7 10 5 1
 8 2 19 14 15
 13 18 4 9 1
 19 10 4 9 6
 17 11 14 4 3
 7 17 11 1 4
 3 11 8 10 15
 12 2 11 1 6
 4 0 17 18 16
 3 9 13 19 2
 13 12 8 3 4
 7 18 17 3 6
 13 12 9 7 2
 16 8 15 3 11
 7 10 16 18 1
 3 16 14 13 11
 1 18 14 0 2
 15 16 9 17 19
 12 7 14 2 9
 7 2 17 9 1
 17 7 10 5 1
 8 2 19 14 15
 13 18 4 9 1
 19 10 4 9 6
 17 11 14 4 3
 7 17 11 1 4
 3 11 8 10 15
 12 2 11 1 6
 4 0 17 18 16
 3 9 13 19 2
 13 12 8 3 4
 7 18 17 3 6
 13 12 9 7 2
 16 8 15 3 11
 7 10 16 18 1
 3 16 14 13 11
 1 18 14 0 2
 15 16 9 17 19
 12 7 14 2 9
 7 2 17 9 1
 17 7 10 5 1
 8 2 19 14 15
 13 18 4 9 1
 19 10 4 9 6
 17 11 14 4 3
 7 17 11 1 4
 3 11 8 10 15
 12 2 11 1 6
 4 0 17 18 16
 3 9 13 19 2
 13 12 8 3 4
 7 18 17 3 6
 13 12 9 7 2
 16 8 15 3 11
 7 10 16 18 1
 3 16 14 13 11
 1 18 14 0 2
 15 16 9 17 19
 12 7 14 2 9
 7 2 17 9 1
 17 7 10 5 1
 8 2 19 14 15
 13 18 4 9 1
 19 10 4 9 6
 17 11 14 4 3
 7 17 11 1 4
 3 11 8 10 15
 12 2 11 1 6
 4 0 17 18 16
 3 9 13 19 2
 13 12 8 3 4
 7 18 17 3 6
 13 12 9 7 2
 16 8 15 3 11
 7 10 16 18 1
 3 16 14 13 11
 1 18 14 0 2
 15 16 9 17 19
 12 7 14 2 9
 7 2 17 9 1
 17 7 10 5 1
 8 2 19 14 15
 13 18 4 9 1
 19 10 4 9 6
 17 11 14 4 3
 7 17 11 1 4
 3 11 8 10 15
 12 2 11 1 6
 4 0 17 18 16
 3 9 13 19 2
 13 12 8 3 4
 7 18 17 3 6
 13 12 9 7 2
 16 8 15 3 11
 7 10 16 18 1
 3 16 14 13 11
 1 18 14 0 2
 15 16 9 17 19
 12 7 14 2 9
 7 2 17 9 1
 17 7 10 5 1
 8 2 19 14 15
 13 18 4 9 1
 19 10 4 9 6
 17 11 14 4 3
 7 17 11 1 4
 3 11 8 10 15
 12 2 11 1 6
 4 0 17 18 16
 3 9 13 19 2
 13 12 8 3 4
 7 18 17 3 6
 13 12 9 7 2
 16 8 15 3 11
 7 10 16 18 1
 3 16 14 13 11
 1 18 14 0 2
 15 16 9 17 19
 12 7 14 2 9
 7 2 17 9 1
 17 7 10 5 1
 8 2 19 14 15
 13 18 4 9 1
 19 10 4 9 6
 17 11 14 4 3
 7 17 11 1 4
 3 11 8 10 15
 12 2 11 1 6
 4 0 17 18 16
 3 9 13 19 2
 13 12 8 3 4
 7 18 17 3 6
 13 12 9 7 2
 16 8 15 3 11
 7 10 16 18 1
 3 16 14 13 11
 1 18 14 0 2
 15 16 9 17 19
 12 7 14 2 9
 7 2 17 9 1
 17 7 10 5 1
 8 2 19 14 15
 13 18 4 9 1
 19 10 4 9 6
 17 11 14 4 3
 7 17 11 1 4
 3 11 8 10 15
 12 2 11 1 6
 4 0 17 18 16
 3 9 13 19 2
 13 12 8 3 4
 7 18 17 3 6
 13 12 9 7 2
 16 8 15 3 11
 7 10 16 18 1
 3 16 14 13 11
 1 18 14 0 2
 15 16 9 17 19
 12 7 14 2 9
 7 2 17 9 1
 17 7 10 5 1
 8 2 19 14 15
 13 18 4 9 1
 19 10 4 9 6
 17 11 14 4 3
 7 17 11 1 4
 3 11 8 10 15
 12 2 11 1 6
 4 0 17 18 16
 3 9 13 19 2
 13 12 8 3 4
 7 18 17 3 6
 13 12 9 7 2
 16 8 15 3 11
 7 10 16 18 1
 3 16 14 13 11
 1 18 14 0 2
 15 16 9 17 19
 12 7 14 2 9
 7 2 17 9 1
 17 7 10 5 1
 8 2 19 14 15
 13 18 4 9 1
 19 10 4 9 6
 17 11 14 4 3
 7 17 11 1 4
 3 11 8 10 15
 12 2 11 1 6
 4 0 17 18 16
 3 9 13 19 2
 13 12 8 3 4
 7 18 17 3 6
 13 12 9 7 2
 16 8 15 3 11
 7 10 16 18 1
 3 16 14 13 11
 1 18 14 0 2
 15 16 9 17 19
 12 7 14 2 9
 7 2 17 9 1
 17 7 10 5 1
 8 2 19 14 15
 13 18 4 9 1
 19 10 4 9 6
 17 11 14 4 3
 7 17 11 1 4
 3 11 8 10 15
 12 2 11 1 6
 4 0 17 18 16
 3 9 13 19 2
 13 12 8 3 4
 7 18 17 3 6
 13 12 9 7 2
 16 8 15 3 11
 7 10 16 18 1
 3 16 14 13 11
 1 18 14 0 2
 15 16 9 17 19
 12 7 14 2 9
 7 2 17 9 1
 17 7 10 5 1
 8 2 19 14 15
 13 18 4 9 1
 19 10 4 9 6
 17 11 14 4 3
 7 17 11 1 4
 3 11 8 10 15
 12 2 11 1 6
 4 0 17 18 16
 3 9 13 19 2
 13 12 8 3 4
 7 18 17 3 6
 13 12 9 7 2
 16 8 15 3 11
 7 10 16 18 1
 3 16 14 13 11
 1 18 14 0 2
 15 16 9 17 19
 12 7 14 2 9
 7 2 17 9 1
 17 7 10 5 1
 8 2 19 14 15
 13 18 4 9 1
 19 10 4 9 6
 17 11 14 4 3
 7 17 11 1 4
 3 11 8 10 15
 12 2 11 1 6
 4 0 17 18 16
 3 9 13 19 2
 13 12 8 3 4
 7 18 17 3 6
 13 12 9 7 2
 16 8 15 3 11
 7 10 16 18 1
 3 16 14 13 11
 1 18 14 0 2
 15 16 9 17 19
 12 7 14 2 9
 7 2 17 9 1
 17 7 10 5 1
 8 2 19 14 15
 13 18 4 9 1
 19 10 4 9 6
 17 11 14 4 3
 7 17 11 1 4
 3 11 8 10 15
 12 2 11 1 6
 4 0 17 18 16
 3 9 13 19 2
 13 12 8 3 4
 7 18 17 3 6
 13 12 9 7 2
 16 8 15 3 11
 7 10 16 18 1
 3 16 14 13 11
 1 18 14 0 2
 15 16 9 17 19
 12 7 14 2 9
 7 2 17 9 1
 17 7 10 5 1
 8 2 19 14 15
 13 18 4 9 1
 19 10 4 9 6
 17 11 14 4 3
 7 17 11 1 4
 3 11 8 10 15
 12 2 11 1 6
 4 0 17 18 16
 3 9 13 19 2
 13 12 8 3 4
 7 18 17 3 6
 13 12 9 7 2
 16 8 15 3 11
 7 10 16 18 1
 3 16 14 13 11
 1 18 14 0 2
 15 16 9 17 19
 12 7 14 2 9
 7 2 17 9 1
 17 7 10 5 1
 8 2 19 14 15
 13 18 4 9 1
 19 10 4 9 6
 17 11 14 4 3
 7 17 11 1 4
 3 11 8 10 15
 12 2 11 1 6
 4 0 17 18 16
 3 9 13 19 2
 13 12 8 3 4
 7 18 17 3 6
 13 12 9 7 2
 16 8 15 3 11
 7 10 16 18 1
 3 16 14 13 11
 1 18 14 0 2
 15 16 9 17 19
 12 7 14 2 9
